1.940036 2.250441 3.802468 4.268077 5.595
2.403801 2.678521 4.738927 5.288363 6.936683
2.584501 2.863907 4.819746 5.448692 7.194693
2.672804 3.054633 5.190547 5.803803 7.6365835
2.800726 3.198363 5.417635 6.135634 7.9632705
2.942833 3.353460 5.543475 6.090979 8.07568
2.906212 3.411678 5.812488 6.507456 8.592372
3.068830 3.666903 5.986895 6.604560 8.6810445
3.248993 3.507816 5.966643 6.678409 8.813706
3.130540 3.594242 6.144598 6.994716 9.470433
3.390335 3.886482 6.367214 7.194125 9.591997
3.359391 3.828143 6.398607 7.265659 9.364304
3.523797 3.900792 6.793850 7.746123 9.85732
3.821173 4.233752 6.777988 7.603145 10.00986
3.850861 4.303903 7.097665 7.928243 10.49548
3.940121 4.338311 7.046865 7.947371 10.62793
4.386935 5.049114 8.525530 9.518821 9.684366
5.144207 5.734526 9.529433 10.62574 12.22803
5.568365 6.072117 9.146607 10.29954 12.52855
5.406963 6.594092 9.891140 10.90561 11.96302
6.174058 6.945816 0 0 0
6.455517 7.629153 0 0 0